enter n
enter n rows and n+1 columns
   5.98   4.33   7.98  -4.50   9.86   6.68   6.99  -4.61   1.06   3.16  -0.84  -5.29  -4.64   2.83  -0.45  -8.16   9.75  -7.90  -0.35   5.05 -24.38
  -8.57   1.55   0.76  -4.75  -5.07   8.34  -8.69  -1.12   2.89   3.98   9.05   8.79  -8.88  -9.17   4.15   7.25   3.14   5.71   8.49  -2.59 -61.38
  -3.77   1.63  -5.88  -0.38   6.67   6.04   8.90   6.81  -0.33   4.61   9.58  -9.44   1.44   4.55  -7.22  -2.78  -9.74   4.93   8.34   5.68  18.45
   8.17   9.18   0.10  -4.08  -5.76   2.01   5.41  -5.41  -3.38  -3.61   1.16  -2.35  -2.86   5.21   9.92  -3.36   5.63  -1.74  -7.70  -7.60 137.91
  -6.78   9.37   9.47   8.22  -0.32  -3.72   1.37   0.03   2.88  -9.22  -9.85   1.72  -5.73  -1.94   2.46   4.02  -6.30   2.43  -5.96  -6.50  21.92
  -6.95  -1.78  -1.57   2.92  -5.70   9.34  -7.14  -9.42  -5.37  -3.34   6.04   3.28  -5.56   4.95   9.81   0.64  -2.30   4.56  -4.28  -5.96  39.11
   3.74  -4.39   1.01   5.93  -7.13  -2.85  -2.54   2.62   1.93   5.83   8.27   8.90   9.86  -9.84   1.15   1.04  -4.70  -4.62  -3.06  -1.49-163.20
  -1.75   4.12  -5.89   8.44   9.83   3.11   2.65  -6.61   6.00   7.87   8.31   9.46   7.64  -0.68  -7.39   7.41   6.99  -8.57   2.19   5.40-124.68
   2.71   0.83   7.78   4.38  -5.42   4.79  -1.34   9.59  -7.61  -0.81   8.78   5.53  -4.88  -4.51   1.50  -3.09   7.49  -6.95   4.04   4.81-116.23
   5.92   7.96   9.96   9.45  -7.79   0.85  -1.46   3.63  -1.68  -6.05   4.75   3.11  -8.53   5.54  -6.71  -3.67  -5.94   5.24   8.32  -6.00 112.90
   3.61  -1.32   9.53  -6.07   2.52  -6.18   1.11   0.51   9.50   8.38   8.15  -9.41   8.74   6.79   2.87   7.82   4.93  -7.63  -6.06  -9.89-150.69
   4.08  -4.77  -5.97  -7.58  -6.35  -0.04  -1.79  -9.42   3.43  -2.19   5.73   0.81  -4.56  -7.69  -0.72  -9.57   5.52  -0.30  -2.98   7.43 -63.07
  -1.18  -4.43   6.60   2.52  -7.26   8.75   0.42  -1.49  -0.87   2.87   4.38  -6.12   7.83   9.53  -6.55   5.49  -8.50  -1.13   3.87  -7.10 -43.99
  -3.93   0.57  -7.58  -0.22   3.30   4.47  -6.42   7.39   9.41   2.67   6.92  -7.32  -7.16  -4.74   9.66  -2.57  -0.10  -9.09   1.20   7.79 -87.98
  -5.70   4.93  -8.65  -3.07  -2.39  -7.22  -4.17  -5.06   4.02  -9.17   3.15   4.54   3.19  -7.25   5.00   4.18  -7.26  -0.57  -5.72  -3.16-104.53
  -0.28  -9.80   7.46  -8.79   4.99   4.28  -6.21  -1.94   1.60  -2.04  -7.33  -4.89   7.86  -8.23   5.63  -8.93  -7.15  -4.30   1.69   7.75-219.57
  -4.61   1.85  -6.24  -1.86  -0.35  -7.49  -5.34   3.25  -2.84   1.48  -3.08   0.95  -9.05   4.58   4.74  -6.11  -4.28   2.62  -1.50  -7.96 118.50
  -7.58   2.87   0.49  -0.57   5.33  -9.02   9.37   3.11   9.89  -6.26   2.59  -0.91   8.66  -5.68  -1.65   3.69   3.06  -4.66   1.77   9.13-245.34
  -5.56   6.48   5.75   4.16   6.91  -2.81  -9.10   7.17   7.13   3.08  -6.82   5.71   5.58  -7.02   8.98   3.28   8.72   4.32  -8.47  -4.71 -85.46
  -2.73  -2.25   4.32  -8.14  -7.71   0.26  -3.61   0.20   2.66  -2.72   6.74  -7.09  -7.95   7.98   6.39   4.74   5.27   8.42   3.79   8.47 -84.23
triangulated---------
   5.98   4.33   7.98  -4.50   9.86   6.68   6.99  -4.61   1.06   3.16  -0.84  -5.29  -4.64   2.83  -0.45  -8.16   9.75  -7.90  -0.35   5.05 -24.38
   0.00   7.77  12.20 -11.19   9.06  17.91   1.33  -7.73   4.41   8.51   7.84   1.20 -15.53  -5.11   3.51  -4.44  17.11  -5.61   7.98   4.65 -96.32
   0.00   0.00  -7.70   3.08   7.79   0.18  12.57   8.25  -2.14   1.82   4.64 -13.45   7.25   9.21  -9.48  -5.43 -13.22   3.10   3.63   6.26  57.27
   0.00   0.00  -0.00   0.38 -39.12 -14.99 -30.67 -12.90  -2.26 -15.24 -10.55  32.17  -5.00 -15.55  28.63  20.86  12.43   5.01 -18.05 -29.38  93.27
  -0.00   0.00   0.00   0.002266.64 843.031785.06 755.63 128.40 864.42 586.36-1871.22 304.63 910.82-1665.55-1207.85-743.40-289.101027.171696.97-5284.42
   0.00   0.00  -0.00   0.00   0.00  11.90  -0.21 -11.54  -6.59  -1.51   6.02  -2.92  -4.97  10.11   9.06  -6.44   2.50  -0.79  -6.03  -2.56  62.57
  -0.00   0.00   0.00   0.00   0.00   0.00   3.91  14.81   9.01  14.92  16.07   5.64   8.36 -17.95  -9.92   3.75  -7.44  -1.02  13.17   6.27-238.86
   0.00   0.00   0.00   0.00   0.00   0.00   0.00  45.14  45.73  68.31  66.41  49.85  34.00 -86.48 -38.73  30.91  -2.36 -16.49  55.18  25.75-1164.63
   0.00   0.00   0.00   0.00   0.00  -0.00   0.00   0.00 -21.75 -24.41 -18.85 -16.26 -16.15  27.94   5.66  -9.65   9.14   3.26  -6.24   1.11 359.51
   0.00   0.00   0.00   0.00   0.00   0.00   0.00   0.00   0.00  -6.45  -3.77 -13.55  -7.92  16.59 -11.16  -7.10 -19.08  18.84  10.73  -5.49 293.89
   0.00   0.00   0.00   0.00   0.00  -0.00   0.00   0.00   0.00   0.00  14.85 -16.82   1.71  28.49  -3.70   5.53  -4.88   6.20   3.35 -12.34 129.07
  -0.00   0.00  -0.00   0.00   0.00  -0.00   0.00  -0.00   0.00   0.00   0.00  26.08  -2.80 -39.39   5.77  -2.09  36.98 -29.70  -9.81  28.30-513.46
   0.00   0.00  -0.00   0.00   0.00  -0.00   0.00   0.00   0.00   0.00   0.00  -0.00   7.97  10.84 -12.56  17.98  23.67 -16.15   5.63   3.27-119.45
  -0.00   0.00  -0.00  -0.00   0.00  -0.00   0.00   0.00   0.00  -0.00   0.00   0.00   0.00 -29.10  60.60 -17.43   6.77 -30.90 -51.19   3.40-368.14
   0.00   0.00   0.00  -0.00   0.00   0.00   0.00  -0.00   0.00  -0.00   0.00   0.00   0.00   0.00 -21.51 -17.47 -65.63  48.18  26.70 -14.81 380.71
  -0.00   0.00  -0.00   0.00   0.00   0.00   0.00  -0.00   0.00  -0.00   0.00   0.00   0.00   0.00   0.00  -8.22 -20.91  26.88   9.46  -4.22 211.36
  -0.00   0.00  -0.00   0.00   0.00  -0.00   0.00   0.00   0.00   0.00   0.00  -0.00   0.00   0.00   0.00   0.00  36.36 -44.20 -11.20  14.31-409.67
   0.00   0.00   0.00  -0.00   0.00   0.00   0.00   0.00   0.00   0.00   0.00  -0.00   0.00   0.00   0.00   0.00   0.00 -51.45 -13.74  -5.50-365.44
   0.00   0.00   0.00  -0.00   0.00   0.00   0.00   0.00   0.00   0.00   0.00  -0.00   0.00   0.00   0.00   0.00   0.00   0.00 -15.08 -10.17  27.70
  -0.00   0.00  -0.00   0.00   0.00  -0.00   0.00  -0.00  -0.00   0.00   0.00   0.00   0.00   0.00   0.00   0.00   0.00   0.00   0.00  15.78-155.76
Determinant is: 643792963128994645934080.00
Answer is:
x1: 9.37
x2: -2.07
x3: -9.22
x4: 6.51
x5: 2.07
x6: 2.21
x7: 4.57
x8: -0.56
x9: -2.03
x10: -0.77
x11: -6.21
x12: -4.04
x13: -6.88
x14: -0.07
x15: 2.07
x16: 1.12
x17: 2.46
x18: 6.87
x19: 4.82
x20: -9.87
nevyazka------------
1: 0.00000000000001065814
2: 0.00000000000002842171
3: -0.00000000000006394885
4: -0.00000000000014210855
5: -0.00000000000482813789
6: 0.00000000000000000000
7: -0.00000000000022737368
8: -0.00000000000115107923
9: -0.00000000000083844043
10: -0.00000000000171951342
11: 0.00000000000071054274
12: 0.00000000000284217094
13: -0.00000000000040500936
14: 0.00000000000059685590
15: 0.00000000000001421085
16: 0.00000000000264321898
17: 0.00000000000024158453
18: -0.00000000000093791641
19: -0.00000000000291322522
20: 0.00000000000200373051
Elapsed time: 1 ms
